2007 4 2 1.58 
2007 4 3 1.58 
2007 4 4 1.57 
2007 4 5 1.56 
2007 4 6 1.47 
2007 4 7 1.49 
2007 4 8 1.49 
2007 4 9 1.49 
2007 4 10 1.49 
2007 4 11 1.49 
2007 4 12 1.49 
2007 4 13 1.49 
2007 4 14 1.48 
2007 4 15 1.48 
2007 4 16 1.49 
2007 4 17 1.49 
2007 4 18 1.46 
2007 4 19 1.39 
2007 4 20 1.42 
2007 4 21 1.44 
2007 4 22 1.44 
2007 4 23 1.45 
2007 4 24 1.37 
2007 4 25 1.28 
2007 4 26 1.33 
2007 4 27 1.33 
2007 4 28 1.37 
2007 4 29 1.36 
2007 4 30 1.35 
2007 5 1 1.36 
2007 5 2 1.36 
2007 5 3 1.37 
2007 5 4 1.37 
2007 5 5 1.37 
2007 5 6 1.38 
2007 5 7 1.38 
2007 5 8 1.38 
2007 5 9 1.38 
2007 5 10 1.38 
2007 5 11 1.37 
2007 5 12 1.37 
2007 5 13 1.38 
2007 5 14 1.38 
2007 5 15 1.39 
2007 5 16 1.39 
2007 5 17 1.40 
2007 5 18 1.40 
2007 5 19 1.32 
2007 5 20 1.34 
2007 5 21 1.37 
2007 5 22 1.39 
2007 5 23 1.40 
2007 5 24 1.41 
2007 5 25 1.41 
2007 5 26 1.42 
2007 5 27 1.44 
2007 5 28 1.46 
2007 5 29 1.48 
2007 5 30 1.49 
2007 5 31 1.50 
2007 6 1 1.51 
2007 6 2 1.51 
2007 6 3 1.52 
2007 6 4 1.53 
2007 6 5 1.53 
2007 6 6 1.54 
2007 6 7 1.55 
2007 6 8 1.56 
2007 6 9 1.58 
2007 6 10 1.60 
2007 6 11 1.63 
2007 6 12 1.66 
2007 6 13 1.68 
2007 6 14 1.72 
2007 6 15 1.75 
2007 6 16 1.78 
2007 6 17 1.82 
2007 6 18 1.86 
2007 6 19 1.91 
2007 6 20 1.96 
2007 6 21 2.05 
2007 6 22 2.13 
2007 6 23 2.20 
2007 6 24 2.24 
2007 6 25 2.25 
2007 6 26 2.37 
2007 6 27 2.55 
2007 6 28 2.65 
2007 6 29 2.69 
2007 6 30 2.69 
2007 7 1 2.68 
2007 7 2 2.66 
2007 7 3 2.64 
2007 7 4 2.62 
2007 7 5 2.59 
2007 7 6 2.56 
2007 7 7 2.52 
2007 7 8 2.48 
2007 7 9 2.44 
2007 7 10 2.40 
2007 7 11 2.36 
2007 7 12 2.31 
2007 7 13 2.27 
2007 7 14 2.23 
2007 7 15 2.19 
2007 7 16 2.15 
2007 7 17 2.12 
2007 7 18 2.08 
2007 7 19 2.05 
2007 7 20 2.03 
2007 7 21 2.01 
2007 7 22 1.99 
2007 7 23 1.98 
2007 7 24 1.98 
2007 7 25 1.98 
2007 7 26 1.98 
2007 7 27 1.98 
2007 7 28 1.98 
2007 7 29 1.98 
2007 7 30 1.98 
2007 7 31 1.98 
2007 8 1 1.97 
2007 8 2 1.98 
2007 8 3 1.98 
2007 8 4 1.99 
2007 8 5 1.99 
2007 8 6 1.99 
2007 8 7 1.99 
2007 8 8 1.97 
2007 8 9 1.97 
2007 8 10 1.97 
2007 8 11 1.97 
2007 8 12 1.97 
2007 8 13 1.98 
2007 8 14 1.98 
2007 8 15 1.98 
2007 8 16 1.88 
2007 8 17 1.87 
2007 8 18 1.87 
2007 8 19 1.89 
2007 8 20 1.87 
2007 8 21 1.87 
2007 8 22 1.84 
2007 8 23 1.83 
2007 8 24 1.83 
2007 8 25 1.86 
2007 8 26 1.87 
2007 8 27 1.86 
2007 8 28 1.87 
2007 8 29 1.85 
2007 8 30 1.87 
2007 8 31 1.86 
2007 9 1 1.87 
2007 9 2 1.86 
2007 9 3 1.88 
2007 9 4 1.87 
2007 9 5 1.87 
2007 9 6 1.86 
2007 9 7 1.86 
2007 9 8 1.88 
2007 9 9 1.87 
2007 9 10 1.88 
2007 9 11 1.85 
2007 9 12 1.85 
2007 9 13 1.85 
2007 9 14 1.86 
eoff
