2008 12 9 1.39 
2008 12 10 1.43 
2008 12 11 1.43 
2008 12 12 1.42 
2008 12 13 1.42 
2008 12 14 1.42 
2008 12 15 1.39 
2008 12 16 1.39 
2008 12 17 1.38 
2008 12 18 1.37 
2008 12 19 1.38 
2008 12 20 1.42 
2008 12 21 1.43 
2008 12 22 1.43 
2008 12 23 1.43 
2008 12 24 1.41 
2008 12 25 1.34 
2008 12 26 1.36 
2008 12 27 1.36 
2008 12 28 1.34 
2008 12 29 1.37 
2008 12 30 1.37 
2008 12 31 1.37 
2009 1 1 1.37 
2009 1 2 1.37 
2009 1 3 1.37 
2009 1 4 1.36 
2009 1 5 1.39 
2009 1 6 1.38 
2009 1 7 1.38 
2009 1 8 1.36 
2009 1 9 1.37 
2009 1 10 1.38 
2009 1 11 1.38 
2009 1 12 1.38 
2009 1 13 1.37 
2009 1 14 1.30 
2009 1 15 1.37 
2009 1 16 1.38 
2009 1 17 1.37 
eoff
